04811210 04811210
04811210 14801000
04811210 20270270
04811210 26900971
04811210 29060370
04811210 29200250
04811210 30190000
04811210 35930075
04811210 40110010
04811210 44260000
04811210 49027000
04811210 49220000
04811210 50610360
04811210 55805000
04811210 57046270
04811210 57230000
04811210 58011040
04811210 58428720
04811210 59030380
04811210 59140840
04811210 60165082
04811210 61930000
04811210 64001280
04811210 64310000
04811210 65026260
04811210 65275000
04811210 66010902
04811210 68385000
04811210 68901100
04811210 68970000
04811210 69020210
04811210 69110000
04811210 69312450
04811210 69340000
04811210 69470000
04811210 69906380
04811210 69921000
04811210 70040902
04811210 75044450
04811210 76829684
04811210 76870762
04811210 77020116
04811210 77818550
04811210 78020010
04811210 78307000
04811210 79002400
04811210 79200000
04811210 80010000
04811210 84015070
04811210 88010500
04811210 88220000
04811210 90450090
04811210 95680000
14801000 14801000
14801000 20270270
14801000 26900971
14801000 29060370
14801000 29200250
14801000 30190000
14801000 35930075
14801000 40110010
14801000 44260000
14801000 49027000
14801000 49220000
14801000 50610360
14801000 55805000
14801000 57046270
14801000 57230000
14801000 58011040
14801000 58428720
14801000 59030380
14801000 59140840
14801000 60165082
14801000 61930000
14801000 64001280
14801000 64310000
14801000 65026260
14801000 65275000
14801000 66010902
14801000 68385000
14801000 68901100
14801000 68970000
14801000 69020210
14801000 69110000
14801000 69312450
14801000 69340000
14801000 69470000
14801000 69906380
14801000 69921000
14801000 70040902
14801000 75044450
14801000 76829684
14801000 76870762
14801000 77020116
14801000 77818550
14801000 78020010
14801000 78307000
14801000 79002400
14801000 79200000
14801000 80010000
14801000 84015070
14801000 88010500
14801000 88220000
14801000 90450090
14801000 95680000
20270270 20270270
20270270 26900971
20270270 29060370
20270270 29200250
20270270 30190000
20270270 35930075
20270270 40110010
20270270 44260000
20270270 49027000
20270270 49220000
20270270 50610360
20270270 55805000
20270270 57046270
20270270 57230000
20270270 58011040
20270270 58428720
20270270 59030380
20270270 59140840
20270270 60165082
20270270 61930000
20270270 64001280
20270270 64310000
20270270 65026260
20270270 65275000
20270270 66010902
20270270 68385000
20270270 68901100
20270270 68970000
20270270 69020210
20270270 69110000
20270270 69312450
20270270 69340000
20270270 69470000
20270270 69906380
20270270 69921000
20270270 70040902
20270270 75044450
20270270 76829684
20270270 76870762
20270270 77020116
20270270 77818550
20270270 78020010
20270270 78307000
20270270 79002400
20270270 79200000
20270270 80010000
20270270 84015070
20270270 88010500
20270270 88220000
20270270 90450090
20270270 95680000
26900971 26900971
26900971 29060370
26900971 29200250
26900971 30190000
26900971 35930075
26900971 40110010
26900971 44260000
26900971 49027000
26900971 49220000
26900971 50610360
26900971 55805000
26900971 57046270
26900971 57230000
26900971 58011040
26900971 58428720
26900971 59030380
26900971 59140840
26900971 60165082
26900971 61930000
26900971 64001280
26900971 64310000
26900971 65026260
26900971 65275000
26900971 66010902
26900971 68385000
26900971 68901100
26900971 68970000
26900971 69020210
26900971 69110000
26900971 69312450
26900971 69340000
26900971 69470000
26900971 69906380
26900971 69921000
26900971 70040902
26900971 75044450
26900971 76829684
26900971 76870762
26900971 77020116
26900971 77818550
26900971 78020010
26900971 78307000
26900971 79002400
26900971 79200000
26900971 80010000
26900971 84015070
26900971 88010500
26900971 88220000
26900971 90450090
26900971 95680000
29060370 29060370
29060370 29200250
29060370 30190000
29060370 35930075
29060370 40110010
29060370 44260000
29060370 49027000
29060370 49220000
29060370 50610360
29060370 55805000
29060370 57046270
29060370 57230000
29060370 58011040
29060370 58428720
29060370 59030380
29060370 59140840
29060370 60165082
29060370 61930000
29060370 64001280
29060370 64310000
29060370 65026260
29060370 65275000
29060370 66010902
29060370 68385000
29060370 68901100
29060370 68970000
29060370 69020210
29060370 69110000
29060370 69312450
29060370 69340000
29060370 69470000
29060370 69906380
29060370 69921000
29060370 70040902
29060370 75044450
29060370 76829684
29060370 76870762
29060370 77020116
29060370 77818550
29060370 78020010
29060370 78307000
29060370 79002400
29060370 79200000
29060370 80010000
29060370 84015070
29060370 88010500
29060370 88220000
29060370 90450090
29060370 95680000
29200250 29200250
29200250 30190000
29200250 35930075
29200250 40110010
29200250 44260000
29200250 49027000
29200250 49220000
29200250 50610360
29200250 55805000
29200250 57046270
29200250 57230000
29200250 58011040
29200250 58428720
29200250 59030380
29200250 59140840
29200250 60165082
29200250 61930000
29200250 64001280
29200250 64310000
29200250 65026260
29200250 65275000
29200250 66010902
29200250 68385000
29200250 68901100
29200250 68970000
29200250 69020210
29200250 69110000
29200250 69312450
29200250 69340000
29200250 69470000
29200250 69906380
29200250 69921000
29200250 70040902
29200250 75044450
29200250 76829684
29200250 76870762
29200250 77020116
29200250 77818550
29200250 78020010
29200250 78307000
29200250 79002400
29200250 79200000
29200250 80010000
29200250 84015070
29200250 88010500
29200250 88220000
29200250 90450090
29200250 95680000
30190000 30190000
30190000 35930075
30190000 40110010
30190000 44260000
30190000 49027000
30190000 49220000
30190000 50610360
30190000 55805000
30190000 57046270
30190000 57230000
30190000 58011040
30190000 58428720
30190000 59030380
30190000 59140840
30190000 60165082
30190000 61930000
30190000 64001280
30190000 64310000
30190000 65026260
30190000 65275000
30190000 66010902
30190000 68385000
30190000 68901100
30190000 68970000
30190000 69020210
30190000 69110000
30190000 69312450
30190000 69340000
30190000 69470000
30190000 69906380
30190000 69921000
30190000 70040902
30190000 75044450
30190000 76829684
30190000 76870762
30190000 77020116
30190000 77818550
30190000 78020010
30190000 78307000
30190000 79002400
30190000 79200000
30190000 80010000
30190000 84015070
30190000 88010500
30190000 88220000
30190000 90450090
30190000 95680000
35930075 35930075
35930075 40110010
35930075 44260000
35930075 49027000
35930075 49220000
35930075 50610360
35930075 55805000
35930075 57046270
35930075 57230000
35930075 58011040
35930075 58428720
35930075 59030380
35930075 59140840
35930075 60165082
35930075 61930000
35930075 64001280
35930075 64310000
35930075 65026260
35930075 65275000
35930075 66010902
35930075 68385000
35930075 68901100
35930075 68970000
35930075 69020210
35930075 69110000
35930075 69312450
35930075 69340000
35930075 69470000
35930075 69906380
35930075 69921000
35930075 70040902
35930075 75044450
35930075 76829684
35930075 76870762
35930075 77020116
35930075 77818550
35930075 78020010
35930075 78307000
35930075 79002400
35930075 79200000
35930075 80010000
35930075 84015070
35930075 88010500
35930075 88220000
35930075 90450090
35930075 95680000
40110010 40110010
40110010 44260000
40110010 49027000
40110010 49220000
40110010 50610360
40110010 55805000
40110010 57046270
40110010 57230000
40110010 58011040
40110010 58428720
40110010 59030380
40110010 59140840
40110010 60165082
40110010 61930000
40110010 64001280
40110010 64310000
40110010 65026260
40110010 65275000
40110010 66010902
40110010 68385000
40110010 68901100
40110010 68970000
40110010 69020210
40110010 69110000
40110010 69312450
40110010 69340000
40110010 69470000
40110010 69906380
40110010 69921000
40110010 70040902
40110010 75044450
40110010 76829684
40110010 76870762
40110010 77020116
40110010 77818550
40110010 78020010
40110010 78307000
40110010 79002400
40110010 79200000
40110010 80010000
40110010 84015070
40110010 88010500
40110010 88220000
40110010 90450090
40110010 95680000
44260000 44260000
44260000 49027000
44260000 49220000
44260000 50610360
44260000 55805000
44260000 57046270
44260000 57230000
44260000 58011040
44260000 58428720
44260000 59030380
44260000 59140840
44260000 60165082
44260000 61930000
44260000 64001280
44260000 64310000
44260000 65026260
44260000 65275000
44260000 66010902
44260000 68385000
44260000 68901100
44260000 68970000
44260000 69020210
44260000 69110000
44260000 69312450
44260000 69340000
44260000 69470000
44260000 69906380
44260000 69921000
44260000 70040902
44260000 75044450
44260000 76829684
44260000 76870762
44260000 77020116
44260000 77818550
44260000 78020010
44260000 78307000
44260000 79002400
44260000 79200000
44260000 80010000
44260000 84015070
44260000 88010500
44260000 88220000
44260000 90450090
44260000 95680000
49027000 49027000
49027000 49220000
49027000 50610360
49027000 55805000
49027000 57046270
49027000 57230000
49027000 58011040
49027000 58428720
49027000 59030380
49027000 59140840
49027000 60165082
49027000 61930000
49027000 64001280
49027000 64310000
49027000 65026260
49027000 65275000
49027000 66010902
49027000 68385000
49027000 68901100
49027000 68970000
49027000 69020210
49027000 69110000
49027000 69312450
49027000 69340000
49027000 69470000
49027000 69906380
49027000 69921000
49027000 70040902
49027000 75044450
49027000 76829684
49027000 76870762
49027000 77020116
49027000 77818550
49027000 78020010
49027000 78307000
49027000 79002400
49027000 79200000
49027000 80010000
49027000 84015070
49027000 88010500
49027000 88220000
49027000 90450090
49027000 95680000
49220000 49220000
49220000 50610360
49220000 55805000
49220000 57046270
49220000 57230000
49220000 58011040
49220000 58428720
49220000 59030380
49220000 59140840
49220000 60165082
49220000 61930000
49220000 64001280
49220000 64310000
49220000 65026260
49220000 65275000
49220000 66010902
49220000 68385000
49220000 68901100
49220000 68970000
49220000 69020210
49220000 69110000
49220000 69312450
49220000 69340000
49220000 69470000
49220000 69906380
49220000 69921000
49220000 70040902
49220000 75044450
49220000 76829684
49220000 76870762
49220000 77020116
49220000 77818550
49220000 78020010
49220000 78307000
49220000 79002400
49220000 79200000
49220000 80010000
49220000 84015070
49220000 88010500
49220000 88220000
49220000 90450090
49220000 95680000
50610360 50610360
50610360 55805000
50610360 57046270
50610360 57230000
50610360 58011040
50610360 58428720
50610360 59030380
50610360 59140840
50610360 60165082
50610360 61930000
50610360 64001280
50610360 64310000
50610360 65026260
50610360 65275000
50610360 66010902
50610360 68385000
50610360 68901100
50610360 68970000
50610360 69020210
50610360 69110000
50610360 69312450
50610360 69340000
50610360 69470000
50610360 69906380
50610360 69921000
50610360 70040902
50610360 75044450
50610360 76829684
50610360 76870762
50610360 77020116
50610360 77818550
50610360 78020010
50610360 78307000
50610360 79002400
50610360 79200000
50610360 80010000
50610360 84015070
50610360 88010500
50610360 88220000
50610360 90450090
50610360 95680000
55805000 55805000
55805000 57046270
55805000 57230000
55805000 58011040
55805000 58428720
55805000 59030380
55805000 59140840
55805000 60165082
55805000 61930000
55805000 64001280
55805000 64310000
55805000 65026260
55805000 65275000
55805000 66010902
55805000 68385000
55805000 68901100
55805000 68970000
55805000 69020210
55805000 69110000
55805000 69312450
55805000 69340000
55805000 69470000
55805000 69906380
55805000 69921000
55805000 70040902
55805000 75044450
55805000 76829684
55805000 76870762
55805000 77020116
55805000 77818550
55805000 78020010
55805000 78307000
55805000 79002400
55805000 79200000
55805000 80010000
55805000 84015070
55805000 88010500
55805000 88220000
55805000 90450090
55805000 95680000
57046270 57046270
57046270 57230000
57046270 58011040
57046270 58428720
57046270 59030380
57046270 59140840
57046270 60165082
57046270 61930000
57046270 64001280
57046270 64310000
57046270 65026260
57046270 65275000
57046270 66010902
57046270 68385000
57046270 68901100
57046270 68970000
57046270 69020210
57046270 69110000
57046270 69312450
57046270 69340000
57046270 69470000
57046270 69906380
57046270 69921000
57046270 70040902
57046270 75044450
57046270 76829684
57046270 76870762
57046270 77020116
57046270 77818550
57046270 78020010
57046270 78307000
57046270 79002400
57046270 79200000
57046270 80010000
57046270 84015070
57046270 88010500
57046270 88220000
57046270 90450090
57046270 95680000
57230000 57230000
57230000 58011040
57230000 58428720
57230000 59030380
57230000 59140840
57230000 60165082
57230000 61930000
57230000 64001280
57230000 64310000
57230000 65026260
57230000 65275000
57230000 66010902
57230000 68385000
57230000 68901100
57230000 68970000
57230000 69020210
57230000 69110000
57230000 69312450
57230000 69340000
57230000 69470000
57230000 69906380
57230000 69921000
57230000 70040902
57230000 75044450
57230000 76829684
57230000 76870762
57230000 77020116
57230000 77818550
57230000 78020010
57230000 78307000
57230000 79002400
57230000 79200000
57230000 80010000
57230000 84015070
57230000 88010500
57230000 88220000
57230000 90450090
57230000 95680000
58011040 58011040
58011040 58428720
58011040 59030380
58011040 59140840
58011040 60165082
58011040 61930000
58011040 64001280
58011040 64310000
58011040 65026260
58011040 65275000
58011040 66010902
58011040 68385000
58011040 68901100
58011040 68970000
58011040 69020210
58011040 69110000
58011040 69312450
58011040 69340000
58011040 69470000
58011040 69906380
58011040 69921000
58011040 70040902
58011040 75044450
58011040 76829684
58011040 76870762
58011040 77020116
58011040 77818550
58011040 78020010
58011040 78307000
58011040 79002400
58011040 79200000
58011040 80010000
58011040 84015070
58011040 88010500
58011040 88220000
58011040 90450090
58011040 95680000
58428720 58428720
58428720 59030380
58428720 59140840
58428720 60165082
58428720 61930000
58428720 64001280
58428720 64310000
58428720 65026260
58428720 65275000
58428720 66010902
58428720 68385000
58428720 68901100
58428720 68970000
58428720 69020210
58428720 69110000
58428720 69312450
58428720 69340000
58428720 69470000
58428720 69906380
58428720 69921000
58428720 70040902
58428720 75044450
58428720 76829684
58428720 76870762
58428720 77020116
58428720 77818550
58428720 78020010
58428720 78307000
58428720 79002400
58428720 79200000
58428720 80010000
58428720 84015070
58428720 88010500
58428720 88220000
58428720 90450090
58428720 95680000
59030380 59030380
59030380 59140840
59030380 60165082
59030380 61930000
59030380 64001280
59030380 64310000
59030380 65026260
59030380 65275000
59030380 66010902
59030380 68385000
59030380 68901100
59030380 68970000
59030380 69020210
59030380 69110000
59030380 69312450
59030380 69340000
59030380 69470000
59030380 69906380
59030380 69921000
59030380 70040902
59030380 75044450
59030380 76829684
59030380 76870762
59030380 77020116
59030380 77818550
59030380 78020010
59030380 78307000
59030380 79002400
59030380 79200000
59030380 80010000
59030380 84015070
59030380 88010500
59030380 88220000
59030380 90450090
59030380 95680000
59140840 59140840
59140840 60165082
59140840 61930000
59140840 64001280
59140840 64310000
59140840 65026260
59140840 65275000
59140840 66010902
59140840 68385000
59140840 68901100
59140840 68970000
59140840 69020210
59140840 69110000
59140840 69312450
59140840 69340000
59140840 69470000
59140840 69906380
59140840 69921000
59140840 70040902
59140840 75044450
59140840 76829684
59140840 76870762
59140840 77020116
59140840 77818550
59140840 78020010
59140840 78307000
59140840 79002400
59140840 79200000
59140840 80010000
59140840 84015070
59140840 88010500
59140840 88220000
59140840 90450090
59140840 95680000
60165082 60165082
60165082 61930000
60165082 64001280
60165082 64310000
60165082 65026260
60165082 65275000
60165082 66010902
60165082 68385000
60165082 68901100
60165082 68970000
60165082 69020210
60165082 69110000
60165082 69312450
60165082 69340000
60165082 69470000
60165082 69906380
60165082 69921000
60165082 70040902
60165082 75044450
60165082 76829684
60165082 76870762
60165082 77020116
60165082 77818550
60165082 78020010
60165082 78307000
60165082 79002400
60165082 79200000
60165082 80010000
60165082 84015070
60165082 88010500
60165082 88220000
60165082 90450090
60165082 95680000
61930000 61930000
61930000 64001280
61930000 64310000
61930000 65026260
61930000 65275000
61930000 66010902
61930000 68385000
61930000 68901100
61930000 68970000
61930000 69020210
61930000 69110000
61930000 69312450
61930000 69340000
61930000 69470000
61930000 69906380
61930000 69921000
61930000 70040902
61930000 75044450
61930000 76829684
61930000 76870762
61930000 77020116
61930000 77818550
61930000 78020010
61930000 78307000
61930000 79002400
61930000 79200000
61930000 80010000
61930000 84015070
61930000 88010500
61930000 88220000
61930000 90450090
61930000 95680000
64001280 64001280
64001280 64310000
64001280 65026260
64001280 65275000
64001280 66010902
64001280 68385000
64001280 68901100
64001280 68970000
64001280 69020210
64001280 69110000
64001280 69312450
64001280 69340000
64001280 69470000
64001280 69906380
64001280 69921000
64001280 70040902
64001280 75044450
64001280 76829684
64001280 76870762
64001280 77020116
64001280 77818550
64001280 78020010
64001280 78307000
64001280 79002400
64001280 79200000
64001280 80010000
64001280 84015070
64001280 88010500
64001280 88220000
64001280 90450090
64001280 95680000
64310000 64310000
64310000 65026260
64310000 65275000
64310000 66010902
64310000 68385000
64310000 68901100
64310000 68970000
64310000 69020210
64310000 69110000
64310000 69312450
64310000 69340000
64310000 69470000
64310000 69906380
64310000 69921000
64310000 70040902
64310000 75044450
64310000 76829684
64310000 76870762
64310000 77020116
64310000 77818550
64310000 78020010
64310000 78307000
64310000 79002400
64310000 79200000
64310000 80010000
64310000 84015070
64310000 88010500
64310000 88220000
64310000 90450090
64310000 95680000
65026260 65026260
65026260 65275000
65026260 66010902
65026260 68385000
65026260 68901100
65026260 68970000
65026260 69020210
65026260 69110000
65026260 69312450
65026260 69340000
65026260 69470000
65026260 69906380
65026260 69921000
65026260 70040902
65026260 75044450
65026260 76829684
65026260 76870762
65026260 77020116
65026260 77818550
65026260 78020010
65026260 78307000
65026260 79002400
65026260 79200000
65026260 80010000
65026260 84015070
65026260 88010500
65026260 88220000
65026260 90450090
65026260 95680000
65275000 65275000
65275000 66010902
65275000 68385000
65275000 68901100
65275000 68970000
65275000 69020210
65275000 69110000
65275000 69312450
65275000 69340000
65275000 69470000
65275000 69906380
65275000 69921000
65275000 70040902
65275000 75044450
65275000 76829684
65275000 76870762
65275000 77020116
65275000 77818550
65275000 78020010
65275000 78307000
65275000 79002400
65275000 79200000
65275000 80010000
65275000 84015070
65275000 88010500
65275000 88220000
65275000 90450090
65275000 95680000
66010902 66010902
66010902 68385000
66010902 68901100
66010902 68970000
66010902 69020210
66010902 69110000
66010902 69312450
66010902 69340000
66010902 69470000
66010902 69906380
66010902 69921000
66010902 70040902
66010902 75044450
66010902 76829684
66010902 76870762
66010902 77020116
66010902 77818550
66010902 78020010
66010902 78307000
66010902 79002400
66010902 79200000
66010902 80010000
66010902 84015070
66010902 88010500
66010902 88220000
66010902 90450090
66010902 95680000
68385000 68385000
68385000 68901100
68385000 68970000
68385000 69020210
68385000 69110000
68385000 69312450
68385000 69340000
68385000 69470000
68385000 69906380
68385000 69921000
68385000 70040902
68385000 75044450
68385000 76829684
68385000 76870762
68385000 77020116
68385000 77818550
68385000 78020010
68385000 78307000
68385000 79002400
68385000 79200000
68385000 80010000
68385000 84015070
68385000 88010500
68385000 88220000
68385000 90450090
68385000 95680000
68901100 68901100
68901100 68970000
68901100 69020210
68901100 69110000
68901100 69312450
68901100 69340000
68901100 69470000
68901100 69906380
68901100 69921000
68901100 70040902
68901100 75044450
68901100 76829684
68901100 76870762
68901100 77020116
68901100 77818550
68901100 78020010
68901100 78307000
68901100 79002400
68901100 79200000
68901100 80010000
68901100 84015070
68901100 88010500
68901100 88220000
68901100 90450090
68901100 95680000
68970000 68970000
68970000 69020210
68970000 69110000
68970000 69312450
68970000 69340000
68970000 69470000
68970000 69906380
68970000 69921000
68970000 70040902
68970000 75044450
68970000 76829684
68970000 76870762
68970000 77020116
68970000 77818550
68970000 78020010
68970000 78307000
68970000 79002400
68970000 79200000
68970000 80010000
68970000 84015070
68970000 88010500
68970000 88220000
68970000 90450090
68970000 95680000
69020210 69020210
69020210 69110000
69020210 69312450
69020210 69340000
69020210 69470000
69020210 69906380
69020210 69921000
69020210 70040902
69020210 75044450
69020210 76829684
69020210 76870762
69020210 77020116
69020210 77818550
69020210 78020010
69020210 78307000
69020210 79002400
69020210 79200000
69020210 80010000
69020210 84015070
69020210 88010500
69020210 88220000
69020210 90450090
69020210 95680000
69110000 69110000
69110000 69312450
69110000 69340000
69110000 69470000
69110000 69906380
69110000 69921000
69110000 70040902
69110000 75044450
69110000 76829684
69110000 76870762
69110000 77020116
69110000 77818550
69110000 78020010
69110000 78307000
69110000 79002400
69110000 79200000
69110000 80010000
69110000 84015070
69110000 88010500
69110000 88220000
69110000 90450090
69110000 95680000
69312450 69312450
69312450 69340000
69312450 69470000
69312450 69906380
69312450 69921000
69312450 70040902
69312450 75044450
69312450 76829684
69312450 76870762
69312450 77020116
69312450 77818550
69312450 78020010
69312450 78307000
69312450 79002400
69312450 79200000
69312450 80010000
69312450 84015070
69312450 88010500
69312450 88220000
69312450 90450090
69312450 95680000
69340000 69340000
69340000 69470000
69340000 69906380
69340000 69921000
69340000 70040902
69340000 75044450
69340000 76829684
69340000 76870762
69340000 77020116
69340000 77818550
69340000 78020010
69340000 78307000
69340000 79002400
69340000 79200000
69340000 80010000
69340000 84015070
69340000 88010500
69340000 88220000
69340000 90450090
69340000 95680000
69470000 69470000
69470000 69906380
69470000 69921000
69470000 70040902
69470000 75044450
69470000 76829684
69470000 76870762
69470000 77020116
69470000 77818550
69470000 78020010
69470000 78307000
69470000 79002400
69470000 79200000
69470000 80010000
69470000 84015070
69470000 88010500
69470000 88220000
69470000 90450090
69470000 95680000
69906380 69906380
69906380 69921000
69906380 70040902
69906380 75044450
69906380 76829684
69906380 76870762
69906380 77020116
69906380 77818550
69906380 78020010
69906380 78307000
69906380 79002400
69906380 79200000
69906380 80010000
69906380 84015070
69906380 88010500
69906380 88220000
69906380 90450090
69906380 95680000
69921000 69921000
69921000 70040902
69921000 75044450
69921000 76829684
69921000 76870762
69921000 77020116
69921000 77818550
69921000 78020010
69921000 78307000
69921000 79002400
69921000 79200000
69921000 80010000
69921000 84015070
69921000 88010500
69921000 88220000
69921000 90450090
69921000 95680000
70040902 70040902
70040902 75044450
70040902 76829684
70040902 76870762
70040902 77020116
70040902 77818550
70040902 78020010
70040902 78307000
70040902 79002400
70040902 79200000
70040902 80010000
70040902 84015070
70040902 88010500
70040902 88220000
70040902 90450090
70040902 95680000
75044450 75044450
75044450 76829684
75044450 76870762
75044450 77020116
75044450 77818550
75044450 78020010
75044450 78307000
75044450 79002400
75044450 79200000
75044450 80010000
75044450 84015070
75044450 88010500
75044450 88220000
75044450 90450090
75044450 95680000
76829684 76829684
76829684 76870762
76829684 77020116
76829684 77818550
76829684 78020010
76829684 78307000
76829684 79002400
76829684 79200000
76829684 80010000
76829684 84015070
76829684 88010500
76829684 88220000
76829684 90450090
76829684 95680000
76870762 76870762
76870762 77020116
76870762 77818550
76870762 78020010
76870762 78307000
76870762 79002400
76870762 79200000
76870762 80010000
76870762 84015070
76870762 88010500
76870762 88220000
76870762 90450090
76870762 95680000
77020116 77020116
77020116 77818550
77020116 78020010
77020116 78307000
77020116 79002400
77020116 79200000
77020116 80010000
77020116 84015070
77020116 88010500
77020116 88220000
77020116 90450090
77020116 95680000
77818550 77818550
77818550 78020010
77818550 78307000
77818550 79002400
77818550 79200000
77818550 80010000
77818550 84015070
77818550 88010500
77818550 88220000
77818550 90450090
77818550 95680000
78020010 78020010
78020010 78307000
78020010 79002400
78020010 79200000
78020010 80010000
78020010 84015070
78020010 88010500
78020010 88220000
78020010 90450090
78020010 95680000
78307000 78307000
78307000 79002400
78307000 79200000
78307000 80010000
78307000 84015070
78307000 88010500
78307000 88220000
78307000 90450090
78307000 95680000
79002400 79002400
79002400 79200000
79002400 80010000
79002400 84015070
79002400 88010500
79002400 88220000
79002400 90450090
79002400 95680000
79200000 79200000
79200000 80010000
79200000 84015070
79200000 88010500
79200000 88220000
79200000 90450090
79200000 95680000
80010000 80010000
80010000 84015070
80010000 88010500
80010000 88220000
80010000 90450090
80010000 95680000
84015070 84015070
84015070 88010500
84015070 88220000
84015070 90450090
84015070 95680000
88010500 88010500
88010500 88220000
88010500 90450090
88010500 95680000
88220000 88220000
88220000 90450090
88220000 95680000
90450090 90450090
90450090 95680000
95680000 95680000